2
 980
 594
 525
 989
 596
 637
 357
 992
 81
 102
 813
 853
 764
 163
 208
 647
 842
 920
 199
 396
 975
 890
 382
 811
 641
 665
  74
 232
 709
 840
 821
 801
 881
 629
 972
 161
 145
 369
 542
 127
 259
 822
 795
 538
 426
 147
 547
 377
 297
 871
 717
 938
 101
 364
 461
 668
 490
 876
 493
 409
 319
 290
 951
 160
 176
 378
 749
 177
 699
 788
 769
 466
 376
 404
 131
 325
 779
 245
 326
 653
 153
 345
 439
 431
 805
 442
  12
 470
 670
 800
 964
 270
  25
 571
 911
 198
 785
 877
  91
 787
 413
 895
  39
 424
 958
 676
 869
 230
 804
 674
 712
 224
 191
   1
  86
   4
 738
 630
 519
 372
 362
 784
 210
  22
   3
 489
 886
 582
 847
 170
 279
 659
 395
 385
 681
  20
 384
  46
 864
 900
 387
 321
  75
 782
 807
 179
 324
 756
 411
 152
 812
 918
  24
 256
 914
  40
 823
 467
  26
 808
 597
 462
 445
 486
 305
 291
 202
 979
 733
 219
 415
 947
 763
 936
 797
 352
 716
 965
 106
 303
 135
 432
 758
 104
 410
 342
 164
 910
 492
 398
 130
 485
 389
 172
 559
 923
 512
 870
 766
  53
 513
 495
 213
 175
 996
  34
 421
 269
  16
 250
 988
 283
 186
 741
 731
 341
 833
   2
 616
 835
 450
  71
 753
 620
 220
 917
 726
 197
 107
 639
 464
 841
 418
 209
  43
 503
 799
 939
 203
 304
 323
 848
  92
 660
 579
 275
  73
 453
 815
 686
 632
 912
 901
 794
 472
 477
 226
 685
 783
 718
 258
   5
 844
 984
 307
 322
 475
 790
 775
 514
 563
 286
 809
  56
 633
 154
 252
 535
 263
 908
 211
  50
  21
 702
 569
 887
 360
 995
 294
 446
1000
 394
 846
 974
 420
 207
 695
 740
 644
 976
 863
 452
 504
 990
  35
 595
 149
  78
 403
 568
  27
 849
 671
 483
 561
 239
 510
 441
 781
 770
 612
 194
 564
  60
 845
 700
 924
 677
 635
 997
 574
 112
 192
 347
 274
 114
 500
 606
 724
 554
 243
 105
 673
 429
  84
 694
 578
  62
 646
 146
 251
 732
 419
  79
 906
 688
 408
 943
 518
 663
 973
 810
 650
 406
  58
 353
 169
 739
 457
 417
 601
 529
 129
 921
 945
 433
  30
 707
 948
 354
 837
 771
 109
 776
 874
 496
 609
 255
 233
 680
 314
 456
 407
 552
 330
 940
 166
 747
 508
 562
 584
 103
  98
 266
 919
 313
 534
 141
 802
 780
 967
 356
 329
 455
 334
 337
 966
 234
 962
 850
 744
 390
 746
 959
 301
 471
 656
 909
 735
 826
 257
 264
 710
 507
 473
 371
 298
  57
 987
 950
 392
 540
 528
  66
 428
 838
 638
  94
 282
 614
 187
 684
 904
 237
 893
 555
 986
 227
 865
 946
 335
 722
 611
 615
 814
 132
 672
 348
 276
 262
 119
 723
 351
 907
 520
 128
 180
 425
 687
 834
 463
 878
  77
 217
 729
 868
 882
 789
 381
 374
  31
 714
 505
 289
 268
 238
 817
 546
 824
 905
 999
   6
 613
 288
 713
 126
 898
 136
 459
 143
 592
 223
 627
 522
 393
 690
 373
 139
 827
 728
 142
 499
 134
 427
  36
 545
 851
 704
 532
 658
 899
 636
  15
 181
 344
 806
 759
 697
 113
 397
 935
 173
 678
 696
 832
 952
 873
 159
 240
 444
 929
 556
 742
 825
 491
 469
 365
 533
 957
  87
 447
  42
 570
 550
 516
 930
 235
 715
 280
 474
 178
 328
 857
 260
 138
 698
 122
  32
 883
 793
 309
 228
 931
 158
 607
 254
 216
 185
 299
 880
   9
 521
  51
 661
 576
 501
 443
 306
 402
 506
 798
 934
  90
 412
 436
 693
 643
 494
 231
 933
 955
 349
  38
 600
 162
 963
 830
 476
 318
 549
 599
 575
  80
 458
 944
 189
 400
 229
 859
  72
 648
 241
 792
 915
 754
 751
 894
 725
 183
 281
 267
 200
 981
 278
 617
 100
 358
 359
 155
 589
 649
 206
 123
 277
 820
  67
 517
 308
 970
 560
 195
 184
 526
 828
 188
 891
 338
 438
 852
 272
 361
 511
 242
 148
 225
  82
 193
 566
 998
 182
 977
 111
 711
 937
  10
 214
 752
 530
 625
 969
 927
 692
 284
 174
 165
 765
 960
 379
 778
 657
 706
 994
 247
 523
 631
 634
 548
 604
 734
 603
 993
 336
 487
 897
 583
 527
 196
  76
 640
 484
 903
 370
 590
 544
 293
 144
 971
 721
 956
 727
 913
  89
 591
  70
 125
 498
 679
 902
 885
 708
 860
 831
  13
  59
 480
 581
 531
   8
 116
 271
 115
 221
 593
 449
 355
 953
 124
 363
 565
 772
 368
 926
 249
 465
 399
  65
 137
 719
  14
 619
 156
 888
 509
 816
 839
 215
 248
 553
 682
 954
 651
 391
 218
 367
 760
 265
 748
 414
  83
 675
 108
 652
 667
  48
  61
 855
 941
 567
 244
 451
 862
 892
 585
 875
 736
 843
  69
 171
 624
 422
 968
 317
 654
 118
 777
 110
 703
 273
 287
 978
 856
 982
 375
 916
 819
 720
  33
  96
 942
 312
 331
  23
 730
 204
 430
 388
 246
 669
 666
 774
 479
 478
 261
 705
 157
  17
 316
 889
  41
 691
 440
 236
 205
 468
 922
 212
 829
 577
 932
  95
 773
 879
 755
 333
 884
 580
 768
  29
 551
 803
 310
 558
 168
   7
 482
 497
 401
 985
  63
 340
  11
 618
  37
 858
 745
 626
 285
 621
 543
 121
 588
 222
 541
  97
 896
 524
 437
 515
 460
  99
  28
  19
 311
 602
 350
 502
 346
 701
 454
 302
 872
  55
 151
 366
 117
 481
 423
  64
  47
 767
 434
 150
 140
 925
  52
 296
 315
 253
 664
 866
 133
 300
 761
 488
  68
 683
  49
 572
 743
 537
  44
 750
 796
 320
 586
 167
  88
 818
  54
 836
 380
 928
 642
 201
 861
 587
 961
 867
 983
 991
 608
 689
 573
 949
 292
 383
 539
 737
 448
 327
 536
 557
  18
 598
 190
 405
 332
 386
 343
 610
 645
  93
 655
 786
 622
 757
 339
 120
 791
 854
  85
 628
  45
 662
 435
 623
 416
 605
 295
 762